8.000000000000000444e-01 1.063313510440049736e+00
8.024152968802414909e-01 1.073766924366257536e+00
8.048452220726783901e-01 1.074999687597207876e+00
8.072899088761390507e-01 1.066701919015257349e+00
8.097494922139472084e-01 1.048738496969868095e+00
8.122241086587436154e-01 1.021159296100417446e+00
8.147138964577657072e-01 9.842061799017154389e-01
8.172189955585924537e-01 9.383163772371463374e-01
8.197395476353668275e-01 8.841219211553070778e-01
8.222756961155036626e-01 8.224448906966650430e-01
8.248275862068966680e-01 7.542882706771815160e-01
8.273953649256313714e-01 6.808223301672586825e-01
8.299791811242194228e-01 6.033665166479652564e-01
8.325791855203620306e-01 5.233669683430083319e-01
8.351955307262569628e-01 4.423698603143765284e-01
8.378283712784588833e-01 3.619909184889533171e-01
8.404778636683063464e-01 2.838815573658146074e-01
8.431441663729291047e-01 2.096922188681564214e-01
8.458274398868459443e-01 1.410336084226106457e-01
8.485278467541681469e-01 7.943663633283576386e-02
8.512455516014234558e-01 2.631197407640045727e-02
8.539807211710103152e-01 -1.708977766620256578e-02
8.567335243553009239e-01 -4.971624368159877072e-02
8.595041322314050936e-01 -7.074863968476069465e-02
8.622927180966113436e-01 -7.963321658634708866e-02
8.650994575045208856e-01 -7.610766130101004334e-02
8.679245283018868218e-01 -6.022137442794517348e-02
8.707681106661813164e-01 -3.234862306760422079e-02
8.736303871439007329e-01 6.806318017059220793e-03
8.765115426896299411e-01 5.621277100448718311e-02
8.794117647058824483e-01 1.145265494555157693e-01
8.823312430837330078e-01 1.801124609037259849e-01
8.852701702442635767e-01 2.510764774345412009e-01
8.882287411808393873e-01 3.253073473834069418e-01
8.912071535022354496e-01 4.005271123401212829e-01
8.942056074766355778e-01 4.743496700040680247e-01
8.972243060765192624e-01 5.443461941170336660e-01
9.002634550244635880e-01 6.081158981110958983e-01
9.033232628398792929e-01 6.633603208552760755e-01
9.064039408866996217e-01 7.079590335269684287e-01
9.095057034220532799e-01 7.400444293573897880e-01
9.126287676459368114e-01 7.580730762082573682e-01
9.157733537519142653e-01 7.608909987760715810e-01
9.189396849788705746e-01 7.477902250297054909e-01
9.221279876638396322e-01 7.185539911982102845e-01
9.253384912959381481e-01 6.734881601184734556e-01
9.285714285714286031e-01 6.134366751903289616e-01
9.318270354499414987e-01 5.397792493589219642e-01
9.351055512118844337e-01 4.544099742400716790e-01
9.384072185170655445e-01 3.596961229588623299e-01
9.417322834645668328e-01 2.584171007145451004e-01
9.450809956538919199e-01 1.536842534395644333e-01
9.484536082474228635e-01 4.884305568539193398e-02
9.518503780342220111e-01 -5.263996277111229749e-02
9.552715654952077529e-01 -1.473023579036805142e-01
9.587174348697395931e-01 -2.318189922809043846e-01
9.621882542236525060e-01 -3.031386335515270369e-01
9.656842955187727728e-01 -3.586186346354736099e-01
9.692058346839547145e-01 -3.961519684384147699e-01
9.727531516876780637e-01 -4.142806612027966628e-01
9.763265306122448361e-01 -4.122896787712795330e-01
9.799262597296189981e-01 -3.902755992643631711e-01
9.835526315789474561e-01 -3.491849755530566091e-01
9.872059430458109963e-01 -2.908181619622695058e-01
9.908864954432476946e-01 -2.177955490106391889e-01
9.945945945945947608e-01 -1.334845994217610521e-01
9.983305509181971127e-01 -4.188777294030940346e-02
1.002094679514034414e+00 5.250668635578506493e-02
1.005887300252312766e+00 1.449071194247388839e-01
1.009708737864077666e+00 2.304279572088161754e-01
1.013559322033898535e+00 3.043183693102504139e-01
1.017439387494683212e+00 3.622002775672368280e-01
1.021349274124679685e+00 4.003044736870738918e-01
1.025289327046721155e+00 4.156925253506076889e-01
1.029259896729776358e+00 4.064516441696436333e-01
1.033261339092872655e+00 3.718498242114186558e-01
1.037294015611448517e+00 3.124394218516191590e-01
1.041358293426208004e+00 2.300989858206659300e-01
1.045454545454545414e+00 1.280055704545146888e-01
1.049583150504607376e+00 1.053293862410251136e-02
1.053744493392070547e+00 -1.169251055193731292e-01
1.057938965059708192e+00 -2.482026647385782714e-01
1.062166962699822470e+00 -3.766727245461982676e-01
1.066428889879625697e+00 -4.956081769209209065e-01
1.070725156669650735e+00 -5.985754197821648859e-01
1.075056179775280896e+00 -6.798391296450760901e-01
1.079422382671480163e+00 -7.347537779760685561e-01
1.083824195740824781e+00 -7.601156721378945491e-01
1.088262056414922796e+00 -7.544490497458071765e-01
1.092736409319323920e+00 -7.182012796860616222e-01
1.097247706422018521e+00 -6.538256727717238759e-01
1.101796407185628990e+00 -5.657358112231198888e-01
1.106382978723404298e+00 -4.601225587752124646e-01
1.111007895959126746e+00 -3.446337437547760674e-01
1.115671641791044610e+00 -2.279264813759489527e-01
1.120374707259953251e+00 -1.191126225742771272e-01
1.125117591721542798e+00 -2.712814596765777964e-02
1.129900803023145883e+00 3.993339990475630596e-02
1.134724857685009525e+00 7.547594862443079977e-02
1.139590281086231727e+00 7.499249424466314373e-02
1.144497607655502458e+00 3.654035501650071405e-02
1.149447381066794893e+00 -3.894932565573200334e-02
1.154440154440154576e+00 -1.475692719548831189e-01
1.159476490547746153e+00 -2.825697438360051938e-01
1.164556962025316666e+00 -4.347400927157749617e-01
1.169682151589241936e+00 -5.930298985997373151e-01
1.174852652259332109e+00 -7.453791539728864546e-01
1.180069067587568021e+00 -8.797044844039771938e-01
1.185332011892963333e+00 -9.849677712393846152e-01
1.190642110502737827e+00 -1.052237053310641990e+00
1.196000000000000174e+00 -1.075639507993853439e+00
1.201406328478151764e+00 -1.053104674252217210e+00
1.206861755802220104e+00 -9.868043954394973838e-01
1.212366953877344056e+00 -8.832149629299371751e-01
1.217922606924643825e+00 -7.527563528875985677e-01
1.223529411764705754e+00 -6.090017987493567819e-01
1.229188078108941484e+00 -4.674954997225351239e-01
1.234899328859060619e+00 -3.442630954257297482e-01
1.240663900414937793e+00 -2.541437161843176362e-01
1.246482542991141251e+00 -2.091084239622055252e-01
1.252356020942408499e+00 -2.167521147224848455e-01
1.258285113098369212e+00 -2.791495115280753225e-01
1.264270613107822516e+00 -3.922471747601770642e-01
1.270313329792883694e+00 -5.459210586408518306e-01
1.276414087513340512e+00 -7.247643867527605588e-01
1.282573726541555104e+00 -9.095880143904960802e-01
1.288793103448276023e+00 -1.079522743350371128e+00
1.295073091499729490e+00 -1.214520868670388776e+00
1.301414581066376419e+00 -1.297975165207075454e+00
1.307818480043739795e+00 -1.319120771593152108e+00
1.314285714285714501e+00 -1.274871019649669535e+00
1.320817228050800818e+00 -1.170770974309609747e+00
1.327413984461709218e+00 -1.020835802982013485e+00
1.334076965978806317e+00 -8.461716133186207855e-01
1.340807174887892472e+00 -6.724426302281556467e-01
1.347605633802817060e+00 -5.264311454933590095e-01
1.354473386183465466e+00 -4.321096494547193578e-01
1.361411496869664450e+00 -4.067783367531837557e-01
1.368421052631578982e+00 -4.578866633275276432e-01
1.375503162737205409e+00 -5.811313751743227840e-01
1.382658959537572452e+00 -7.602930823492309864e-01
1.389889599070307957e+00 -9.690425413115418829e-01
1.397196261682243090e+00 -1.174638765085873171e+00
1.404580152671755622e+00 -1.343095434532328269e+00
1.412042502951593947e+00 -1.445066998739054309e+00
1.419584569732937895e+00 -1.461466655671247450e+00
1.427207637231503679e+00 -1.387737519978154754e+00
1.434913017396520774e+00 -1.235801867579128466e+00
1.442702050663450031e+00 -1.033027822371157978e+00
1.450576106731352288e+00 -8.180542883684358557e-01
1.458536585365853622e+00 -6.339344438104388413e-01
1.466584917228693996e+00 -5.196861028947874495e-01
1.474722564734895158e+00 -5.018381067935631101e-01
1.482951022938623797e+00 -5.877987739568428793e-01
1.491271820448877738e+00 -7.627390331501815446e-01
1.499686520376175558e+00 -9.911365517123164048e-01
1.508196721311475308e+00 -1.223215364006869255e+00
1.516804058338617534e+00 -1.405386462469831121e+00
1.525510204081632626e+00 -1.492685301661338615e+00
1.534316869788325821e+00 -1.460398160816328783e+00
1.543225806451613114e+00 -1.311842271720478070e+00
1.552238805970149516e+00 -1.079793678232381149e+00
1.561357702349869481e+00 -8.203548513955737365e-01
1.570584372948128804e+00 -5.999207681313123430e-01
1.579920739762219251e+00 -4.779262894321530952e-01
1.589368770764119532e+00 -4.896842083037607485e-01
1.598930481283422633e+00 -6.342844478033415889e-01
1.608607935440484082e+00 -8.718136601689254750e-01
1.618403247631935216e+00 -1.131998007662912142e+00
1.628318584070796549e+00 -1.333145415919126719e+00
1.638356164383561575e+00 -1.406786953146314634e+00
1.648518263266712580e+00 -1.320796063357843497e+00
1.658807212205270387e+00 -1.093082709837866373e+00
1.669225401256106078e+00 -7.898838778969388130e-01
1.679775280898876400e+00 -5.070916618070707704e-01
1.690459363957597105e+00 -3.389106822377738193e-01
1.701280227596017269e+00 -3.435396460161203591e-01
1.712240515390121676e+00 -5.183448072385518079e-01
1.723342939481268044e+00 -7.954428758730478499e-01
1.734590282813633255e+00 -1.062375078640124260e+00
1.745985401459853703e+00 -1.203139201470299291e+00
1.757531227038942045e+00 -1.145517845038166005e+00
1.769230769230769384e+00 -8.954842442626766985e-01
1.781087118391660340e+00 -5.417645474168011344e-01
1.793103448275862322e+00 -2.240931876299420700e-01
1.805283018867924527e+00 -7.433696147320778547e-02
1.817629179331306855e+00 -1.541794185953377916e-01
1.830145371078806704e+00 -4.189981937495408371e-01
1.842835130970724267e+00 -7.298447227889064415e-01
1.855702094647013300e+00 -9.147495915401722133e-01
1.868749999999999689e+00 -8.548204200156871435e-01
1.881982690794649971e+00 -5.526682460645979678e-01
1.895404120443740181e+00 -1.426414975586121070e-01
1.909018355945730105e+00 1.720087440957124292e-01
1.922829581993569237e+00 2.298721497219688437e-01
1.936842105263158142e+00 1.127390279616269364e-02
1.951060358890701396e+00 -3.358707048605608647e-01
1.965488907148726483e+00 -5.723987452719112579e-01
1.980132450331125726e+00 -5.131815615783430484e-01
1.994995829858215330e+00 -1.553291920107905955e-01
2.010084033613445786e+00 3.015911105706432505e-01
2.025402201524131751e+00 5.752139533050267817e-01
2.040955631399317571e+00 4.957907103224935552e-01
2.056749785038693101e+00 1.436013479208791133e-01
2.072790294627382846e+00 -1.870495012106881683e-01
2.089082969432314307e+00 -1.975805165360651761e-01
2.105633802816901046e+00 1.733976885974619908e-01
2.122448979591836427e+00 6.743222701249712570e-01
2.139534883720930480e+00 9.241231230609353586e-01
2.156898106402163950e+00 7.355569202257163930e-01
2.174545454545454781e+00 3.058101262838587298e-01
2.192483959670027183e+00 7.158988983674435813e-02
2.210720887245841038e+00 3.119484769115426492e-01
2.229263746505126154e+00 8.534498318754519808e-01
2.248120300751879519e+00 1.200096863478443243e+00
2.267298578199052450e+00 1.023725202581732940e+00
2.286806883365200882e+00 5.396236230890997243e-01
2.306653809064609373e+00 3.220900962466202722e-01
2.326848249027237525e+00 6.763805609949102848e-01
2.347399411187438112e+00 1.244345848627264939e+00
2.368316831683168200e+00 1.374704166125853000e+00
2.389610389610389518e+00 9.200711569830287706e-01
2.411290322580645018e+00 4.843471018121882077e-01
2.433367243133265578e+00 6.850533247704102546e-01
2.455852156057495073e+00 1.291032854721999801e+00
2.478756476683937837e+00 1.464027220201976842e+00
2.502092050209205443e+00 9.409649549936452972e-01
2.525871172122491792e+00 4.996021271359372684e-01
2.550106609808102665e+00 8.359969745820761133e-01
2.574811625403659932e+00 1.415567905285755934e+00
2.600000000000000089e+00 1.244949142441389656e+00
2.625686059275521789e+00 5.560523025389298990e-01
2.651884700665188443e+00 5.173525631508548717e-01
2.678611422172452627e+00 1.159285538163719487e+00
2.705882352941176627e+00 1.197025840920360462e+00
2.733714285714285541e+00 4.398056553323890228e-01
2.762124711316397363e+00 2.926578737228035521e-01
2.791131855309218146e+00 9.527944073939427216e-01
2.820754716981132226e+00 8.602344370600482071e-01
2.851013110846245979e+00 3.047955642411753763e-02
2.881927710843373180e+00 1.707082866930435538e-01
2.913520097442143797e+00 7.604603591018509468e-01
2.945812807881773132e+00 1.307620876181030400e-01
2.978829389788293813e+00 -3.990444951612394653e-01
3.012594458438287326e+00 2.871939006840413811e-01
3.047133757961783651e+00 8.168650694881995911e-02
3.082474226804123862e+00 -7.556211874023675001e-01
3.118644067796610742e+00 -1.575544823686224893e-01
3.155672823218997003e+00 -1.785930606520469421e-01
3.193591455273698365e+00 -1.070797710634912692e+00
3.232432432432432279e+00 -3.941119740394024573e-01
3.272229822161423218e+00 -6.004211271762404101e-01
3.313019390581717349e+00 -1.288496511723838056e+00
3.354838709677419040e+00 -4.289284734972028112e-01
3.397727272727272485e+00 -1.188450410197344320e+00
3.441726618705035712e+00 -1.059831765077787757e+00
3.486880466472302764e+00 -6.613087356070226353e-01
3.533234859675036255e+00 -1.470935455012631898e+00
3.580838323353293440e+00 -4.728931466847978160e-01
3.629742033383914990e+00 -1.352669197749192032e+00
3.679999999999999716e+00 -5.020543725376788169e-01
3.731669266770670568e+00 -1.001216731962155215e+00
3.784810126582278222e+00 -4.320724883352564660e-01
3.839486356340288786e+00 -6.536505627695397003e-01
3.895765472312703537e+00 -1.320736948411726230e-01
3.953719008264462875e+00 -3.952589443594273222e-01
4.013422818791946511e+00 3.862700891752111065e-01
4.074957410562180193e+00 -2.116400207281288470e-01
4.138408304498269352e+00 9.210648088195685368e-01
4.203866432337433956e+00 1.668747015346822016e-01
4.271428571428571352e+00 9.287588780442913583e-01
4.341197822141561247e+00 1.093218782700272174e+00
4.413284132841328145e+00 4.722399323637647139e-01
4.487804878048780033e+00 1.317387402214102554e+00
4.564885496183206826e+00 1.231024417831902973e+00
4.644660194174757173e+00 4.248888576901374559e-01
4.727272727272727515e+00 6.148832959335324144e-01
4.812877263581488485e+00 1.012337300076020963e+00
4.901639344262294529e+00 6.341908926631130150e-01
4.993736951983298589e+00 -1.537299265854212005e-01
5.089361702127659370e+00 -7.482926003405455662e-01
5.188720173535791069e+00 -1.032785936449946096e+00
5.292035398230088283e+00 -1.154906040965475889e+00
5.399548532731377470e+00 -1.234088199824520116e+00
5.511520737327188613e+00 -1.302527994709741677e+00
5.628235294117645893e+00 -1.331918141651364795e+00
5.750000000000000000e+00 -1.207106781186548794e+00
5.877149877149877355e+00 -6.845020605171645567e-01
6.010050251256281229e+00 3.006805026269377401e-01
6.149100257069408215e+00 8.704017719608715398e-01
6.294736842105263186e+00 3.898755895515842451e-01
6.447439353099730042e+00 1.070672788107298157e+00
6.607734806629833813e+00 1.038151329837035286e+00
6.776203966005665436e+00 6.021275109198505060e-01
6.953488372093022285e+00 -9.910775617050535113e-02
7.140298507462685684e+00 7.178469717300323127e-02
7.337423312883434967e+00 -7.577650397354246392e-01
7.545741324921135806e+00 -1.253156682103753194e+00
7.766233766233765934e+00 -9.738465880764393123e-01
8.000000000000000000e+00 -9.797174393178826052e-15
